
    family prob.enriched percent.essential 2.5% 97.5% n.genes

	13            97                54   32    76      25
	53            94                45   30    60      57
       100            82                46   21    68      19
	99            80                40   28    52      40
	67            78                42   23    62      26
       107            75                43   21    64      14
	72            75                42   20    65      20

       109             4                32   25    39     581
	92             4                20    7    40      15
	54             4                27   17    36      64
	15             0                10    0    24      17
