     gene1 taloc1      gene2 taloc2

     191      103      192       84
     191       66      192      121
     191       55      192      132
     191       48      192      139

     250      236      251       27
     250      140      251      123
     250        6      251      257

     524       49      525       54
     524       37      525       66

     577       33      578        6

     607       12      608       76

    1034      154     1035        9
    1034      147     1035       16
    1034      115     1035       48
    1034       28     1035      135
    1034        7     1035      156

    1107        1     1108       19

    1444        1     1445       51

    1501       16     1502       27

    1994       13     1995       19

    2009        7     2010        9

    2128      221     2129       25
    2128      185     2129       61
    2128      164     2129       82
    2128       39     2129      207

    2392       16     2393      113

    2471       40     2472       24

    2652       19     2653        8

    2870       16     2871       18

    3140       69     3141       88
    3140       40     3141      117
    3140       27     3141      130

======================================================================

     645.1     28      645.2     10

    2593.1      9     2593.2    148

======================================================================

      66.2     62       67        1

    1172.1     60     1173       14

    1479       25     1479.1     33
    1479       11     1479.1     47

    1555       50     1555.1     19
    1555       36     1555.1     33
    1555       32     1555.1     37

    1856.1    646     1857       32
    1856.1    671     1857       57
    1856.1    694     1857       80
    1856.1    696     1857       82
    1856.1    738     1857      124
    1856.1    768     1857      154
    1856.1    816     1857      202
    1856.1    827     1857      213
    1856.1    829     1857      215
    1856.1    838     1857      224
    1856.1    887     1857      273

    2138.2    189     2139       50
    2138.2    118     2139      121

    2518.1      6     2519       46

    2547.2     27     2548       25

    3456       26     3456.1    708

    3572.1    693     3573       17
    3572.1    760     3573       84
    3572.1    798     3573      122

    3756.3     19     3757        6
    3756.3      8     3757       17

======================================================================
