     gene1 taloc1 hits1     gene2 taloc2 hits2
		  	                 
    1430      306     1      1431      1     0
    1856.1    738     1      1857    124     0
    1856.1    829     1      1857    215     0
    2095      443     1      2096     12     0
    2182.1    301     1      2183   2361     0
			    
    2265     1467     1      2266   1106     0
    2777.1    359     0      2778    383     1
    3259     1362     1      3260    971     0
    3523       11     1      3524    820     0
    3550       14     1      3551   1191     0
