     numTAs Prob.essential
3933     94          0.909
418      87          0.891
1218     78          0.863
3285     73          0.845
1587     70          0.834
3003     70          0.834
2062     68          0.825
417      67          0.821
2448     66          0.817
1969     65          0.813
1701     62          0.799
70       60          0.790
47       60          0.790
1796     60          0.790
3974     59          0.785
3002     59          0.785
3045     57          0.775
116      56          0.770
2600     56          0.770
1678     55          0.765
1198     55          0.765
1833     54          0.760
1702     53          0.755
1508     52          0.749
2082     52          0.749
297      51          0.744
2301     50          0.738
