    family prob.enriched percent.essential 2.5% 97.5% n.genes
	13            96                57   36    76      25
	53            93                49   35    63      57
	99            86                47   32    60      40
       100            82                50   26    74      19
	72            80                50   25    70      20
	61            78                48   26    68      19
	67            75                46   27    65      26

       109             4                37   30    44     581
	54             3                31   22    41      64
	15             0                16    6    29      17
