
ORF size problems
-----------------
                         diff
    ORFsize  POI   MT   in length

	788  621 1075      91 [should be MT # 1075.1]
	401  117 3236     793 [should be MT # 3230]
      11355 3575 3448   10341 [should be MT # 3458]
   
       3344 1124 1290      97 [I have ORF length of 3441]
       1350 1348 3038       3 [I have an ORF length of 1347 and no TA at end]

======================================================================

POI problems
------------
                          min error
    ORFsize  POI     MT    in POI

	335   34 1233        21
       1217 1162 1341        33
	434  336 1955         9
       1061  743 2319        28
       1058    8 2437        96
	380   60 2932        29
	564  532 3513        10
       1179  625 3582       162

at beginning:
       1706    1  241        33
	284    1 1842         8
       2063    1 1926        83
       1280    1 1974        40
       2888    1 2402        29 <<
       1265    1 2559       208
	845    1 3111        22
       1982    1 3851        55 <<

at end:
	927  925 1072        74
       1115 1113 1193       109
       1886 1885 1202       113
       1145 1143 1533.2      52
	356  354 1534        69
       2099 2097 1917        10
       1982 1979 2410       113
	599  597 2040       130
	836  835 2179        30
       1184 1183 2538        11
       3341 3340 2563        87
	458  457 2719       112
	629  629 2867.1      10
       1350 1348 3038       123
	935  934 3208        28
       2327 2326 3495       118
	524  522 3625        44
	730  729 3679        63
	842  840 3892         8
       1469 1468 3969        83



======================================================================
