   gene TAloc ORFsize obs

   54.0   571     870   2
  108.0   239    1623   2
  376.0   191     414   2
 1205.0   410    1041   2
 2416.0   590    1563   2
 2675.0   186    1572   2 <- sister colonies
 3575.0   327    1005   2
 4001.0  1021    1526   2

   79.0   253     993   2
  203.0   629    1827   2
  231.0  1059    1350   2
 1253.0   907    1686   2
 1475.0   657    1770   2
 1535.0   166     231   2
 1861.0   154     432   2
 1892.0  1419    1452   2
 1958.0   218     648   2
 1980.0   733     746   2
 2036.0    63    1677   2
 2542.0   374    2586   2
 2656.0    41     903   2
 2656.0   244     903   2
 2867.1   380     630   2
 3350.0   234    1251   2
